 -8 -8 -9-10 -8 -7 -9-10 -8 -5 -4 -8 12 -7 -9 -8 -7 -8 -8 -6
 -7 -5 -4 -8 -7 -8 -4 -9 -8  8 -4 -2  2 -6 -8 -7 -2 -8 -7  1
 -4 -4 -5 -5 -6 -2 -5 -5 -5 -5 -1 -5 -5 -6  8 -3 -2 -6 -6 -5
-10  0 -3-10-12 -8 -5-11-10-12-11  9 -4-12-10 -9-10-12-11-11
-13-14-14-15 -3-14-15-15-12 -6 -5-14 -5 10 -9-14-13-10  3 -6
-12  9 -7-12-14 -5-11-13-11-13-13 -4-12-13-13-12-12-13-12-13
  7-10-10-10 -5 -9 -3 -1-10  0 -7 -9 -3 -2 -9 -6 -6-10-10  2
-10 -3-10-10-10-10-10-10-10 -7 -4 -4 -9  2-10-10-10 13  3-10
 -5 -5  2  7 -4 -5 -3 -5  1 -3 -2 -5 -4 -4 -5  0 -6 -4 -2 -1
 -4 -1  0 -2 -6 -2  1 -4 -1 -1 -5  7 -3 -5 -1 -2  1 -6 -4 -2
 -2  0  0  1 -4 -1  4 -4  0  0 -2  2 -1  0 -3 -2 -1 -4  1  0
 -2  2  3  0 -2 -2  2  0  1 -3 -1  1 -2 -1 -5 -1  2 -6  0 -3
 -6 -1  4 -1 -8  0  3  0  1 -6 -6  6 -4 -8 -6 -2 -6 -8 -7 -6
 -3  3 -4 -2  1  0  3 -5 -2  0 -5  4 -2 -3 -5 -2  0  0 -4  0
 -7 -5 -5 -6 -7 -7 -5 -6 -2  0 -3 -4 10  1 -7 -6 -4  5  2 -4
 -4  1 -2 -3  2 -2 -3 -3  2  2  1 -4  2  1 -6 -1 -5  2  5  1
 -4 -2  0  2 -6  0  3 -1  0 -3 -4  0 -4 -1  0  0 -3 -2  6 -4
 -4 -3  3  1 -5 -1 -2  0 -2  1 -2 -2 -3 -4  1  0 -3  2 -2  4
 -1 -2  1  2 -2 -1  1 -1 -2  1 -1  0 -2 -2 -2  0  0 -1 -1  2
  0  0  2  1  0  1  2  1 -2 -2 -1  0 -2 -1 -2  0  1 -4  1  0
 -4 -2 -2  1 -1 -4  0 -2 -2  5  1 -3  3  0 -1 -3 -2  3 -2  0
 -1 -2  1  2 -1  0  1  0  2  0 -1 -2 -1  1 -2  0  0  0  1  0
 -3 -4 -1 -3  0 -2 -4 -3  0  2 -2 -2 -1  6 -2 -3 -2  4  3 -2
 -2 -2  1  5 -2 -1  1  0 -2  1 -2  1 -2 -1 -3 -1  0  3  0 -3
 -2 -2  1  4 -4 -2  1  0  0 -2 -2  0 -2  1 -1  0  0  0  1 -2
 -2 -1  1  2 -2 -1  1  1 -1 -2 -2  2 -1  0 -2  2 -1 -1  0 -3
 -1  0  3  0 -4 -2  2  2 -1 -1 -2  0 -3 -1 -3  0  0 -1  1 -1
  0  0  1 -1 -2 -2  0  3 -1 -1 -1  0 -1 -1 -1  0  0  3 -1  0
 -2 -1 -1 -1  0  0  0 -2  0  0  0  1  2  2 -2 -1 -1  3  2  1
 -2 -2  0 -1  1  0 -1 -2 -2  4  0 -3  1 -1 -1 -1 -1  3 -1  2
  0 -1  0  0  1 -1  0  1 -1 -1  0  0 -1  0 -1  1  0  0  1  0
 -1 -1  1 -1  1 -1 -1  0  1  3  0 -1  0  0  0 -1  0  0  0  0
 -1 -1  0  0  1  0  0 -1 -1  3  1 -1  0  0 -1 -1 -1  0  1  1
 -1 -1  0  1 -1  0  1 -1  2  0 -1  1  0 -1 -2  0  0  0  1  1
  0 -1  3  3  1  0  0  1 -2  0 -1 -1 -1 -2 -2 -1 -2  0  1 -1
 -1 -2 -1  0 -2 -1  0  1 -1 -1  0 -1  0  3 -1 -1  0  2  3  0
 -1 -1  2  1 -2  1  2 -1  2 -1 -1 -1 -1  1 -1 -1 -1  1  2  0
  0  0 -1  0 -1  0  0  0 -1  0  0  0  0  0  0  0  0  1  1  0
 -1  1  3  1 -2 -1  0 -1  0 -1 -2  2  1 -1 -2  0 -1  2  0 -2
 -1 -1 -1  1  2 -1  1  4 -2 -1 -2  0 -2  0  0 -1 -1 -2  1 -2
 -1  0  0  0 -1 -1  0 -1  0  0  0  1  1 -1 -1  1  0  0  1  0
 -1 -1 -1  0  0 -1  0  0 -1  1  0  0 -1 -1  1  0  1  3 -1  1
  0 -1 -1  1 -1 -1  0  3 -1  0 -1  0 -1  0 -2  0 -1  3  1 -1
 -1 -1  0  2  1  0  0  0  1  0 -1 -1  1  0 -1  0  0  0  1 -1
 -1 -1  1  2 -1  0  0  0  0  1  0  0 -1  0 -2  0 -1  0  1  0
 -1  0  1  2 -2 -1  3 -1  1 -1 -2 -1 -1  0 -1  0 -1  0  1 -2
 -1 -1  0  0  1  0 -1 -2 -1  1  0 -1  0  1 -1  0  0  1  1  1
 -1  1  1  1  0  0  2  0  0  0 -1  0 -1  0 -1 -1  0  0  1 -1
  0 -1  1  1  1 -1  0  0  0  0  0  0  0  0 -1  0  0  3  1  0
  0 -1  1  1 -1 -1  1  2  0  0 -2  0 -2 -1  0  0  0 -1  0  0
 -1  0  1  2 -2  0  1  0  1  0 -1  0 -1  0 -1  0  0  2  0 -1
  0 -1  0 -1  1 -1  0 -1  0  0  0  0  0  1  0  0  0  0  3  0
 -1 -1  1  2  0  0  1  1  0  0 -1  1 -1 -1 -1 -1  0 -2  0 -1
  0  0  1  0 -1  0  1  0  0  0 -1 -1 -1  1 -1  0  1  1 -1 -1
  0  0  0  0 -1  0  0  0  1  0  0  0  0  1  0  0  0  2  1  0
  0  0  0  0 -1 -1  0  0  1  0  0  0 -1  1 -1 -1 -1  2  2 -1
 -1 -1  1  1 -1 -1  1  1  1 -1 -1  0 -1  1  0  0  0  2  1 -1
 -1  0 -1 -1 -1 -1  0 -1  1  0  0  0  0  2 -1 -1 -1  3  2  0
  0  0  1  3  0  0  2 -1  1 -1 -2  0 -1 -1  1  0  0 -1 -1 -2
 -1 -1  1  1 -2  0  0 -1 -1  0  0 -1  0  0  1  0  0 -1  0  1
 -1  0  1  3 -2 -1  2 -1 -1  0 -2  1 -1  0 -1  0 -1 -3 -1 -1
 -2  1  2  4 -3  0  3 -2  0 -3 -3  1 -3 -2  1  0 -2 -4 -1 -4
  0 -2 -2 -2  1 -2  0 -3 -2  1  0 -1 -1  2 -3 -1 -2  0  4  2
 -1 -2  0  0 -2 -1  3 -3  1  1 -2  0 -2 -3 -1  0  2 -4 -1  1
 -3 -3 -5 -5 -2 -4 -5 -5 -5  3  4 -3  0  0 -2 -4 -2  2 -1  3
 -3 -3 -4 -4 -1 -2  1  1 -4 -2  1 -3  9 -4 -5 -3 -3 -5 -4 -1
 -4  1 -4 -3 -6  8 -1 -6 -4 -3 -2 -2 -1 -3 -4 -4 -4  2 -5 -5
 -2 -5 -3 -3 -2 -4 -5 -4  0 -5 -4 -5 -4  4 -3  4 -4  2  7 -5
 -2 -2 -4 -5 -5 -5 -5 -6 -6  1 -3 -5 -5 -6 -5 -1  8 -7 -6 -4
 -4 -3  0 -2 -7 -5  0  7 -6 -7 -7 -5 -6 -7 -6 -3 -3 -7 -7 -4
 -2  0 -5 -6 -4 -2 -3 -6 -5  1  5 -2  2  0 -5 -3 -2  0 -2  1
 -3  0  2 -2  1 -1 -1 -4  1 -2 -3  6 -2  1 -3 -2  0 -4  1 -3
 -6 -6  1  8 -8 -5 -3 -2 -6 -8 -8 -5 -8 -8 -6 -5 -1 -9 -8 -8
 -2  0 -1 -1  2 -1  0 -5 -1 -1 -1  6  1 -5  0 -1 -2 -6 -2 -1
 -3 -2  7  0 -1 -2 -1 -3  2 -4 -6  0 -2 -3 -5  0 -1  3  0 -4
 -3 -1  0 -2 -6 -2 -1  7 -2 -3 -5 -1 -2 -6 -6 -3 -3 -6 -3 -4
 -3  3  0 -1 -5  0 -1 -5 -4 -1 -3  5 -1 -5 -4 -2  1  0 -4  1
 -3 -2 -1  1 -7 -1  6 -2 -1 -6 -4  2 -1 -7 -3 -3 -3 -7 -6 -4
 -3 -7 -7 -7 -5 -6 -7 -7 -7  8  0 -6 -1 -2 -6 -3 -3 -6 -5  2
 -6 -6 -7 -7  0 -6 -7 -7  0 -5 -5 -6 -5  6 -7 -6 -6  4  8 -5
 -4 -3 -3  0 -7 -1  7 -3 -4 -3 -6 -2 -6 -7 -5 -4 -2 -7 -6 -3
 -2 -3  0 -1 -2 -5 -4  7 -5 -7 -7 -2 -6 -7 -6 -2 -5 -1 -6 -7
 -3 -6  0  8 -8 -4 -2 -4 -5 -7 -8 -5 -7 -7 -6 -4 -3 -8 -3 -7
 -4 -6 -4 -6 -1 -6 -6 -5 -6  7 -1 -6 -1 -2 -6 -5 -3 -6 -1  3
 -2 -4 -4 -4  1 -4 -5 -2 -5  3  3 -3 -1 -2 -5 -4 -2 -5 -2  5
 -2  2 -1 -1 -3  2  1 -3  1 -1  0  3 -1 -1 -3 -1 -1  3  0 -1
 -1 -1  0  1  0  0 -1 -1  1  1 -1  0  0  2 -2 -1  0  2  2  0
 -1 -1  1  2 -1  0  2 -1  0 -1 -2  1 -2 -1 -1  0  1 -1  0 -1
  0  0  0  2 -2  0  0  1  2  0 -1 -1 -1  0 -1  0  0  0  1  0
 -1  0  0  1  0  0  0  1  1 -1 -1  0  0  0  1  0  0  2  0 -1
 -2  0  2  2 -1 -1  1 -1 -1  0 -1  1 -1  0 -1  0  0  3  1 -1
 -1  0  1  2 -1  0  1  1  1 -1 -2  1 -2 -1  1  0  0 -1  1 -2
 -2 -1  0  1 -3 -1  0 -1  0  0  0  0  0  2 -2 -1 -1  2  4 -1
 -1 -1 -1  1  1 -1  1  0 -1  1  0 -1 -1  0 -1  0  0 -2  1  0
 -1 -2  1  1 -1 -1  0 -1  2  1 -1 -1 -1  0  0  0  0  2  3  0
 -2  0  1  1  0  0  2  0 -1  0 -1  2 -2 -2 -2  0 -1  1 -1 -1
 -2  1  1  2 -4 -1  2  1  0 -2 -3  0 -3 -1  1  0  0  0  1 -1
 -1 -2  0  0  2  0  0  1 -1  2 -2 -1 -1  2 -2 -1  0 -1  2  0
 -1 -1 -1 -2  1 -1  0 -2  0  2  0  1  0  1 -1 -1  0  0  1  1
  0 -3  1 -3 -1 -2 -2  4  2 -2 -3  0 -1  1 -4 -1 -1  0  4  0
 -2 -1 -4  0 -2  2  3 -2 -3  1 -2  3 -2 -2 -3 -2 -1 -2 -1  3
 -4 -5 -6 -3 -1 -8 -2 -3 -2  3 -4 -4 -6 -1 -7 -6 -4 -1  1  7
 -3  0 -1 -1  1 -1  1 -2 -2  2 -2  3 -1 -2 -5 -2 -1 -3  0  3
 -5 -1 -4 -3 -2 -1 -2 -6 -1 -2 -2 -1  3  6 -6 -4 -5  6  6 -3
 -1  0  1  2 -2 -1  2  0  2  0  0  2 -4  1 -3  0 -4 -3  1 -2
 -3 -1  3  5 -4  0  4 -4 -3 -3 -6  1 -3 -6 -5  0 -3 -1 -1 -4
  0 -5  0  0  3 -3 -2  5 -8 -2 -4 -1 -9 -2 -1 -1 -5 -5  2 -4
  2  1 -2 -2  3 -1  0  2 -3 -1 -3  0  2 -2 -5  1 -2 -1 -2 -1
 -1 -6 -3 -6 -1 -6 -3 -1 -3 -1 -3 -5 -4  7 -8 -5 -2  6  4 -3
 -1  0 -2 -1  4 -2 -2  1 -3  0  0  0  2  1 -3  0 -2  3  3  1
 -2 -3 -3 -2  0 -3 -3 -1 -1  3  0 -2 -1  3 -7 -5 -3  7  3  3
 -4  1  0  3 -3  0  3 -1 -2  0 -2  2 -1 -2 -3  0  0 -3 -2 -1
 -2 -2  2  1  1 -3 -2  0 -2  0  0 -2 -1  2 -2 -2 -1  5  3  0
 -3 -2  1  1  0 -2  1  0  1  2  0  0 -2  0 -1 -1 -1  2  2  0
 -3 -2  5  4 -8 -4  0  2  1 -4 -3  1 -4 -3 -1  0 -4 -1 -3 -2
 -1  0  2 -1 -2 -2 -1  2  2  1  0  0 -1  1 -2 -1  0  1  1  0
 -1  1  0  1  0  0  1  0  0  0 -1  0  0 -1 -2  0  0 -1  1  0
 -4  0  0  2 -7 -4  1 -2  1 -1 -1 -2 -1  3  0 -2 -1  2  5 -2
  0  0  0  1  3 -4  0  1 -1  1  0 -2  1  0  0 -1  0 -1  3  0
 -1 -1  0  0 -1 -1  1  0  2  1  1 -2 -1  1 -2  0 -1  3  2 -1
 -3 -1  1  1  0 -3  1  0  0 -2 -1 -1 -2 -1  0  2  0  3  3 -1
 -4  0  2  2 -2 -2  2 -1  2 -2  3 -1  0 -2 -2  0  0  0 -3 -4
 -2 -2 -1 -1  1 -2 -1 -1 -3  2  1 -2  0  3 -3 -1 -2  5  1  0
 -1 -1  0  1  1 -2  0  0 -1  1  1 -2  0  2 -3  1 -1  0  2  0
 -1 -1  1  0  0 -3  2 -1 -1 -2  0 -2 -1  1 -2  0 -1  2  4  0
 -1  2  2  1 -1 -3  1  0  0  1 -3  1  0  0 -3  0  0  2  0 -1
 -2 -1  2  4 -3 -3  3 -2  0 -3 -4  0  0 -3  0  0  0 -3  1 -3
 -3 -2  2  4 -1 -1  3  1 -1 -1 -4 -2 -2 -4 -5  1  1 -1  0 -3
 -4 -4 -2 -6  5 -7 -7 -5 -1  3  2 -5  0  3 -8 -3 -4 -1  5  1
 -5 -3 -5 -5 -2 -4  8 -6 -2 -4 -6  0-10 -6-10 -5 -2-11 -5 -1
 -5 -7 -3-12-11-12-12-12-12  5 -4 -7 -9 -7-12-11 -7-12 -2  7
 -5 -8 -6 -4 -2 -5 -9 -9-12  8 -1 -2 -4 -6-12 -9 -6-12 -4  3
 -8 -8-11 -7-13-12 -6  8-12-13-13-12-13-13-12 -4-12-13-13-13
-13-12 10 -3-14-12-12-12-11-15-15-12-14-15-14 -6 -3-15-14-15
 -7 -5-14-14-12 -8-13-14-14  8 -7 -3 -6 -6-13 -8 -8-13-12  3
-13-12 -8-14 -5 -6 -7-14  7-13-12-13-12  3-14-13-13  3  9-13
 -6 -5 -4  2-14  2  8 -6-11-14-10 -5-13-14-12 -6 -4-14-13 -8
-13-12  9  0-14 -8 -7-12  1-15-15 -6-13-14-13 -3 -5-15 -6-14
 -6 -5 -8 -9 -7 -3 -6 -6 -5 -9 -5  0 -5-14  8  0 -5-14-13 -6
-11 -8 -2  1-14 -2  8 -8  1-13-13 -4 -5-13-12 -8-11-13-12 -8
-11-12-13-13-11-12-13-13-13 -3  7-12 -2 -4-13 -9-11-12-11 -7
 -8-13-14-14-12-13-13-14-13 -1  7-13  1 -7-13 -9 -8 -3-11 -1
-11-10-10 -9-14 -8  8-12-10-13-13  3-12-13-11-10-11-13-12-13
